1.261866883116883002e+02 5.561850649350628828e+01
2.705519480519475906e+01 4.252613636363635692e+02
3.160487012987013031e+02 1.211461038961037957e+02
5.428750000000000000e+02 1.228262987012985832e+02
5.311136363636363740e+02 2.320389610389609061e+02
5.277532467532467990e+02 3.311704545454544473e+02
5.294334415584415865e+02 4.286217532467531441e+02
4.958295454545454959e+02 4.622256493506492916e+02
3.328506493506494053e+02 4.286217532467531441e+02
3.328506493506494053e+02 3.345308441558440222e+02
