2.958863636363636260e+02 1.043441558441556936e+02
2.135568181818181586e+02 4.319821428571427759e+02
4.723068181818181301e+02 1.547499999999998863e+02
7.024935064935065157e+02 1.429886363636362603e+02
6.873717532467533147e+02 2.606022727272726343e+02
6.856915584415585272e+02 3.647743506493505379e+02
6.840113636363636260e+02 4.588652597402596598e+02
6.453668831168831730e+02 4.975097402597401697e+02
4.840681818181818699e+02 4.437435064935064020e+02
4.857483766233766573e+02 3.546931818181816993e+02
