1.720779220778752006e-01 2.488409090909089514e+02
2.152370129870129460e+02 2.505211038961037957e+02
1.749123376623376487e+02 6.737987012987002799e+01
7.108944805194805667e+02 6.737987012987002799e+01
6.084025974025973937e+02 4.269415584415583567e+02
1.480292207792207648e+02 5.731185064935064020e+02
5.225811688311685543e+01 5.479155844155843624e+02
3.530129870129869687e+02 3.227694805194803962e+02
4.403831168831168270e+02 3.210892857142856087e+02
5.109512987012986969e+02 3.261298701298700280e+02
