1.396282467532467138e+02 2.438003246753245321e+02
3.597337662337662323e+02 2.505211038961037957e+02
3.328506493506494053e+02 7.074025974025960295e+01
7.881834415584415865e+02 1.362678571428569967e+02
7.680211038961039094e+02 4.487840909090908212e+02
2.925259740259740511e+02 5.563165584415582998e+02
2.101964285714285268e+02 5.227126623376623229e+02
4.857483766233766573e+02 3.328506493506492347e+02
5.764788961038960906e+02 3.294902597402596029e+02
6.604886363636363740e+02 3.345308441558440222e+02
