2.400454545454543904e+02 6.164090909090905370e+02
1.311863636363636488e+03 1.336818181818175617e+02
1.802772727272727479e+03 4.118636363636355782e+02
2.391863636363636488e+03 4.200454545454540494e+02
2.882772727272727479e+03 9.277272727272656994e+01
3.537318181818181984e+03 7.640909090909008228e+01
3.381863636363636942e+03 8.373181818181810740e+02
2.850045454545454959e+03 7.391363636363630576e+02
2.350954545454545496e+03 1.009136363636363058e+03
1.843681818181818471e+03 9.927727272727265699e+02
1.385500000000000000e+03 7.554999999999995453e+02
4.773181818181817562e+02 1.254590909090908553e+03
