2.236818181818180165e+02 7.882272727272720658e+02
1.295500000000000000e+03 3.709545454545450411e+02
1.770045454545454504e+03 6.736818181818175617e+02
2.342772727272727479e+03 6.736818181818175617e+02
2.833681818181818471e+03 3.464090909090900823e+02
3.455500000000000909e+03 3.709545454545450411e+02
3.332772727272727934e+03 1.066409090909090537e+03
2.751863636363636488e+03 9.845909090909085535e+02
2.334590909090909463e+03 1.221863636363636033e+03
1.786409090909090992e+03 1.230045454545454049e+03
1.352772727272727252e+03 9.845909090909085535e+02
4.364090909090907644e+02 1.475499999999999545e+03
