1.745909090909088945e+02 1.009136363636363058e+03
1.270954545454545496e+03 6.000454545454540494e+02
1.729136363636363967e+03 8.945909090909085535e+02
2.293681818181818471e+03 8.864090909090905370e+02
2.776409090909091447e+03 5.836818181818175617e+02
3.390045454545454959e+03 6.000454545454540494e+02
3.545909090909090082e+02 1.671863636363636033e+03
1.303681818181818244e+03 1.197318181818181529e+03
1.778227272727272975e+03 1.418227272727272293e+03
2.269136363636363967e+03 1.426409090909090537e+03
2.702772727272727479e+03 1.197318181818181529e+03
3.242772727272727934e+03 1.270954545454545041e+03
