1.985552468998620270e+02 1.015250744477532862e+03
1.255882239210631724e+03 6.209932219209745199e+02
1.730783345926485708e+03 8.898051691186278731e+02
2.286328036801635790e+03 8.987655673585495606e+02
2.770189541757411462e+03 6.030724254411311449e+02
3.388457020312013810e+03 6.030724254411311449e+02
3.245090648473265446e+03 1.301983488155029590e+03
2.716427152317880882e+03 1.203419107515889664e+03
2.232565647362105210e+03 1.436389461753855812e+03
1.766624938886172913e+03 1.427429063513934125e+03
1.318605026890083991e+03 1.212379505755811806e+03
3.598424152184539935e+02 1.723122205431352768e+03
