3.158363613023844209e+03 2.688066244914617982e+03
3.070772602793833812e+03 1.844007419061787914e+03
2.927441858781088740e+03 7.610640198543833321e+02
2.011717660921885908e+03 4.664397127170745989e+02
1.183584473292693929e+03 2.036666820270424978e+02
9.924768146090341361e+02 1.143279337221702463e+03
2.837859136571296403e+02 9.601344976498621691e+02
3.713769238871402649e+02 2.273999651100022220e+03
6.261871354653533217e+02 2.289925289323660763e+03
8.172947941490128869e+02 2.281962470211841264e+03
9.765511763853960474e+02 2.847322627151001143e+03
2.513375264966492523e+03 2.926950818269192496e+03
