3.741974172185431598e+03 2.875685430463576267e+03
3.482583443708609593e+03 1.616877483443708570e+03
3.352888079470199045e+03 4.572483443708606501e+02
2.200888079470199045e+03 4.343609271523177995e+02
1.376941059602649148e+03 3.962152317880795636e+02
1.201470860927152444e+03 1.235420529801324392e+03
6.292854304635761764e+02 1.197274834437086156e+03
7.132059602649005683e+02 2.211950331125827688e+03
9.115635761589405774e+02 2.219579470198675153e+03
1.048888079470199045e+03 2.234837748344370993e+03
1.117550331125828052e+03 2.753619205298013185e+03
2.513682781456954217e+03 2.852798013245032962e+03
