1.503521691455002156e+03 1.269361350133577616e+03
1.368473244547230479e+03 2.259716627457234608e+03
2.185194804418038984e+03 2.504090007576059179e+03
2.686803321504046835e+03 1.848140408309740906e+03
2.635356294110610179e+03 2.098944666852745286e+03
2.603201901989712496e+03 4.590706686869489204e+02
3.915101100522349043e+03 3.111604649308183070e+02
3.741467383069500102e+03 1.822416894613022578e+03
3.837930559432194059e+03 1.873863922006459234e+03
1.895805275329957340e+03 2.982987080824591430e+02
2.616063658838071206e+03 2.645569332908010438e+03
2.371690278719246635e+03 1.545889122373299870e+03
