3.638565584421407948e+02 1.302007738217924725e+03
2.446189991845077429e+02 2.413084994936776638e+03
1.241878585702891996e+03 2.521482776080079475e+03
1.707989044619093420e+03 1.854836422048768100e+03
1.653790154047442229e+03 2.066212095278208380e+03
1.561652040075634886e+03 4.673448234144943854e+02
2.694408853023147458e+03 4.131459328428427398e+02
2.591430960937009786e+03 1.741018751848300326e+03
2.688988963965982293e+03 1.789797753362786580e+03
8.137073501868467247e+02 2.722288173565493707e+02
1.653790154047442229e+03 2.640720335337712640e+03
1.399055368360680859e+03 1.562162412961851032e+03
